##-----------------------------------------------------------------------
##--Author      JRM Annand   13th May 2004
##--Update      JRM Annand... 8th Sep 2004 alpha-production version
##--Update      S. Schumann  10th Aug 2005 Cleanup and final element ordering
##--Description
##                *** Acqu++ <-> Root ***
## Online/Offline Analysis of Sub-Atomic Physics Experimental Data
##
## Parameter File: MWPC.date (specified in CB.dat)
## Setup of decoding of DAPHNE-style MWPC information.
## This is for the 2-chamber Crystal Ball setup July 2004
##
##-----------------------------------------------------------------------
## Total # Elements in array, Pulse-Height info? Time info? Position info?
## Info switch is off/on = 0/1
##      Total   Energy? Time?   Position?
Size:   800     1       1       1
##
## Total # active layers in detector
Number-Layers:          6
## # Chambers giving hit position
Number-Chambers:        2
##
## Which layers belong to chambers 0,1,....
## 2-chamber DAPHNE-style MWPC.....2 cathode + 1 anode per chamber
## Chamber 0
Layers-In-Chamber:      2       0       3
## Chamber 1
Layers-In-Chamber:      4       1       5
##
## Misc. parameters of the detector
## In the TA2DaphneMWPC case...
## MI max # intersect positions, MT max # tracks,
## dPhi max difference between strip & wire Phi (rad)
## Rmax, Zmax, Zmin coordinate limits for valid track vertex (mm)
## dPhi12 max difference in phi chambers 1 & 2 for track reconstruction (rad)
##                       MI  MT  MV  dPhi  Rmax Zmax Zmin dPhi12
Chamber-Parameter:      512 256 128 0.100  60.0  500 -500    0.6
##
## 1st Layer: Chamber 1 "plane" of wires. dist(mm), angles(deg), corr coefs
## #wi:number of strips; mcl:max number clusters; cls:max cluster size;
## rad: radius (mm); len: length (mm);
## phi0-2: quadratic phi correction coeffs (rad)
##        name  #wi mcl cls rad len    phi0    phi1    phi2
Cyl-Wire: Wire1 192   8   8  64 360 -0.2164    0.00    0.00
##
# Specify each wire  belonging to inner wire plane...one line for each
#        ADC# l h p MeV/ch   TDC#   low/high off  ns/ch   r,  z, phi
Element: 0    0 0 0 0.000    4096 160 400 -4000 0.117   64 0.0 0.0
Element: 0    0 0 0 0.000    4097 160 400 -4000 0.117   64 0.0 0.0
Element: 0    0 0 0 0.000    4098 160 400 -4000 0.117   64 0.0 0.0
Element: 0    0 0 0 0.000    4099 160 400 -4000 0.117   64 0.0 0.0
Element: 0    0 0 0 0.000    4100 160 400 -4000 0.117   64 0.0 0.0
Element: 0    0 0 0 0.000    4101 160 400 -4000 0.117   64 0.0 0.0
Element: 0    0 0 0 0.000    4102 160 400 -4000 0.117   64 0.0 0.0
Element: 0    0 0 0 0.000    4103 160 400 -4000 0.117   64 0.0 0.0
Element: 0    0 0 0 0.000    4104 160 400 -4000 0.117   64 0.0 0.0
Element: 0    0 0 0 0.000    4105 160 400 -4000 0.117   64 0.0 0.0
Element: 0    0 0 0 0.000    4106 160 400 -4000 0.117   64 0.0 0.0
Element: 0    0 0 0 0.000    4107 160 400 -4000 0.117   64 0.0 0.0
Element: 0    0 0 0 0.000    4108 160 400 -4000 0.117   64 0.0 0.0
Element: 0    0 0 0 0.000    4109 160 400 -4000 0.117   64 0.0 0.0
Element: 0    0 0 0 0.000    4110 160 400 -4000 0.117   64 0.0 0.0
Element: 0    0 0 0 0.000    4111 160 400 -4000 0.117   64 0.0 0.0
Element: 0    0 0 0 0.000    4112 160 400 -4000 0.117   64 0.0 0.0
Element: 0    0 0 0 0.000    4113 160 400 -4000 0.117   64 0.0 0.0
Element: 0    0 0 0 0.000    4114 160 400 -4000 0.117   64 0.0 0.0
Element: 0    0 0 0 0.000    4115 160 400 -4000 0.117   64 0.0 0.0
Element: 0    0 0 0 0.000    4116 160 400 -4000 0.117   64 0.0 0.0
Element: 0    0 0 0 0.000    4117 160 400 -4000 0.117   64 0.0 0.0
Element: 0    0 0 0 0.000    4118 160 400 -4000 0.117   64 0.0 0.0
Element: 0    0 0 0 0.000    4119 160 400 -4000 0.117   64 0.0 0.0
Element: 0    0 0 0 0.000    4120 160 400 -4000 0.117   64 0.0 0.0
Element: 0    0 0 0 0.000    4121 160 400 -4000 0.117   64 0.0 0.0
Element: 0    0 0 0 0.000    4122 160 400 -4000 0.117   64 0.0 0.0
Element: 0    0 0 0 0.000    4123 160 400 -4000 0.117   64 0.0 0.0
Element: 0    0 0 0 0.000    4124 160 400 -4000 0.117   64 0.0 0.0
Element: 0    0 0 0 0.000    4125 160 400 -4000 0.117   64 0.0 0.0
Element: 0    0 0 0 0.000    4126 160 400 -4000 0.117   64 0.0 0.0
Element: 0    0 0 0 0.000    4127 160 400 -4000 0.117   64 0.0 0.0
Element: 0    0 0 0 0.000    4128 160 400 -4000 0.117   64 0.0 0.0
Element: 0    0 0 0 0.000    4129 160 400 -4000 0.117   64 0.0 0.0
Element: 0    0 0 0 0.000    4130 160 400 -4000 0.117   64 0.0 0.0
Element: 0    0 0 0 0.000    4131 160 400 -4000 0.117   64 0.0 0.0
Element: 0    0 0 0 0.000    4132 160 400 -4000 0.117   64 0.0 0.0
Element: 0    0 0 0 0.000    4133 160 400 -4000 0.117   64 0.0 0.0
Element: 0    0 0 0 0.000    4134 160 400 -4000 0.117   64 0.0 0.0
Element: 0    0 0 0 0.000    4135 160 400 -4000 0.117   64 0.0 0.0
Element: 0    0 0 0 0.000    4136 160 400 -4000 0.117   64 0.0 0.0
Element: 0    0 0 0 0.000    4137 160 400 -4000 0.117   64 0.0 0.0
Element: 0    0 0 0 0.000    4138 160 400 -4000 0.117   64 0.0 0.0
Element: 0    0 0 0 0.000    4139 160 400 -4000 0.117   64 0.0 0.0
Element: 0    0 0 0 0.000    4140 160 400 -4000 0.117   64 0.0 0.0
Element: 0    0 0 0 0.000    4141 160 400 -4000 0.117   64 0.0 0.0
Element: 0    0 0 0 0.000    4142 160 400 -4000 0.117   64 0.0 0.0
Element: 0    0 0 0 0.000    4143 160 400 -4000 0.117   64 0.0 0.0
Element: 0    0 0 0 0.000    4144 160 400 -4000 0.117   64 0.0 0.0
Element: 0    0 0 0 0.000    4145 160 400 -4000 0.117   64 0.0 0.0
Element: 0    0 0 0 0.000    4146 160 400 -4000 0.117   64 0.0 0.0
Element: 0    0 0 0 0.000    4147 160 400 -4000 0.117   64 0.0 0.0
Element: 0    0 0 0 0.000    4148 160 400 -4000 0.117   64 0.0 0.0
Element: 0    0 0 0 0.000    4149 160 400 -4000 0.117   64 0.0 0.0
Element: 0    0 0 0 0.000    4150 160 400 -4000 0.117   64 0.0 0.0
Element: 0    0 0 0 0.000    4151 160 400 -4000 0.117   64 0.0 0.0
Element: 0    0 0 0 0.000    4152 160 400 -4000 0.117   64 0.0 0.0
Element: 0    0 0 0 0.000    4153 160 400 -4000 0.117   64 0.0 0.0
Element: 0    0 0 0 0.000    4154 160 400 -4000 0.117   64 0.0 0.0
Element: 0    0 0 0 0.000    4155 160 400 -4000 0.117   64 0.0 0.0
Element: 0    0 0 0 0.000    4156 160 400 -4000 0.117   64 0.0 0.0
Element: 0    0 0 0 0.000    4157 160 400 -4000 0.117   64 0.0 0.0
Element: 0    0 0 0 0.000    4158 160 400 -4000 0.117   64 0.0 0.0
Element: 0    0 0 0 0.000    4159 160 400 -4000 0.117   64 0.0 0.0
Element: 0    0 0 0 0.000    4160 160 400 -4000 0.117   64 0.0 0.0
Element: 0    0 0 0 0.000    4161 160 400 -4000 0.117   64 0.0 0.0
Element: 0    0 0 0 0.000    4162 160 400 -4000 0.117   64 0.0 0.0
Element: 0    0 0 0 0.000    4163 160 400 -4000 0.117   64 0.0 0.0
Element: 0    0 0 0 0.000    4164 160 400 -4000 0.117   64 0.0 0.0
Element: 0    0 0 0 0.000    4165 160 400 -4000 0.117   64 0.0 0.0
Element: 0    0 0 0 0.000    4166 160 400 -4000 0.117   64 0.0 0.0
Element: 0    0 0 0 0.000    4167 160 400 -4000 0.117   64 0.0 0.0
Element: 0    0 0 0 0.000    4168 160 400 -4000 0.117   64 0.0 0.0
Element: 0    0 0 0 0.000    4169 160 400 -4000 0.117   64 0.0 0.0
Element: 0    0 0 0 0.000    4170 160 400 -4000 0.117   64 0.0 0.0
Element: 0    0 0 0 0.000    4171 160 400 -4000 0.117   64 0.0 0.0
Element: 0    0 0 0 0.000    4172 160 400 -4000 0.117   64 0.0 0.0
Element: 0    0 0 0 0.000    4173 160 400 -4000 0.117   64 0.0 0.0
Element: 0    0 0 0 0.000    4174 160 400 -4000 0.117   64 0.0 0.0
Element: 0    0 0 0 0.000    4175 160 400 -4000 0.117   64 0.0 0.0
Element: 0    0 0 0 0.000    4176 160 400 -4000 0.117   64 0.0 0.0
Element: 0    0 0 0 0.000    4177 160 400 -4000 0.117   64 0.0 0.0
Element: 0    0 0 0 0.000    4178 160 400 -4000 0.117   64 0.0 0.0
Element: 0    0 0 0 0.000    4179 160 400 -4000 0.117   64 0.0 0.0
Element: 0    0 0 0 0.000    4180 160 400 -4000 0.117   64 0.0 0.0
Element: 0    0 0 0 0.000    4181 160 400 -4000 0.117   64 0.0 0.0
Element: 0    0 0 0 0.000    4182 160 400 -4000 0.117   64 0.0 0.0
Element: 0    0 0 0 0.000    4183 160 400 -4000 0.117   64 0.0 0.0
Element: 0    0 0 0 0.000    4184 160 400 -4000 0.117   64 0.0 0.0
Element: 0    0 0 0 0.000    4185 160 400 -4000 0.117   64 0.0 0.0
Element: 0    0 0 0 0.000    4186 160 400 -4000 0.117   64 0.0 0.0
Element: 0    0 0 0 0.000    4187 160 400 -4000 0.117   64 0.0 0.0
Element: 0    0 0 0 0.000    4188 160 400 -4000 0.117   64 0.0 0.0
Element: 0    0 0 0 0.000    4189 160 400 -4000 0.117   64 0.0 0.0
Element: 0    0 0 0 0.000    4190 160 400 -4000 0.117   64 0.0 0.0
Element: 0    0 0 0 0.000    4191 160 400 -4000 0.117   64 0.0 0.0
Element: 0    0 0 0 0.000    4000 160 400 -4000 0.117   64 0.0 0.0
Element: 0    0 0 0 0.000    4001 160 400 -4000 0.117   64 0.0 0.0
Element: 0    0 0 0 0.000    4002 160 400 -4000 0.117   64 0.0 0.0
Element: 0    0 0 0 0.000    4003 160 400 -4000 0.117   64 0.0 0.0
Element: 0    0 0 0 0.000    4004 160 400 -4000 0.117   64 0.0 0.0
Element: 0    0 0 0 0.000    4005 160 400 -4000 0.117   64 0.0 0.0
Element: 0    0 0 0 0.000    4006 160 400 -4000 0.117   64 0.0 0.0
Element: 0    0 0 0 0.000    4007 160 400 -4000 0.117   64 0.0 0.0
Element: 0    0 0 0 0.000    4008 160 400 -4000 0.117   64 0.0 0.0
Element: 0    0 0 0 0.000    4009 160 400 -4000 0.117   64 0.0 0.0
Element: 0    0 0 0 0.000    4010 160 400 -4000 0.117   64 0.0 0.0
Element: 0    0 0 0 0.000    4011 160 400 -4000 0.117   64 0.0 0.0
Element: 0    0 0 0 0.000    4012 160 400 -4000 0.117   64 0.0 0.0
Element: 0    0 0 0 0.000    4013 160 400 -4000 0.117   64 0.0 0.0
Element: 0    0 0 0 0.000    4014 160 400 -4000 0.117   64 0.0 0.0
Element: 0    0 0 0 0.000    4015 160 400 -4000 0.117   64 0.0 0.0
Element: 0    0 0 0 0.000    4016 160 400 -4000 0.117   64 0.0 0.0
Element: 0    0 0 0 0.000    4017 160 400 -4000 0.117   64 0.0 0.0
Element: 0    0 0 0 0.000    4018 160 400 -4000 0.117   64 0.0 0.0
Element: 0    0 0 0 0.000    4019 160 400 -4000 0.117   64 0.0 0.0
Element: 0    0 0 0 0.000    4020 160 400 -4000 0.117   64 0.0 0.0
Element: 0    0 0 0 0.000    4021 160 400 -4000 0.117   64 0.0 0.0
Element: 0    0 0 0 0.000    4022 160 400 -4000 0.117   64 0.0 0.0
Element: 0    0 0 0 0.000    4023 160 400 -4000 0.117   64 0.0 0.0
Element: 0    0 0 0 0.000    4024 160 400 -4000 0.117   64 0.0 0.0
Element: 0    0 0 0 0.000    4025 160 400 -4000 0.117   64 0.0 0.0
Element: 0    0 0 0 0.000    4026 160 400 -4000 0.117   64 0.0 0.0
Element: 0    0 0 0 0.000    4027 160 400 -4000 0.117   64 0.0 0.0
Element: 0    0 0 0 0.000    4028 160 400 -4000 0.117   64 0.0 0.0
Element: 0    0 0 0 0.000    4029 160 400 -4000 0.117   64 0.0 0.0
Element: 0    0 0 0 0.000    4030 160 400 -4000 0.117   64 0.0 0.0
Element: 0    0 0 0 0.000    4031 160 400 -4000 0.117   64 0.0 0.0
Element: 0    0 0 0 0.000    4032 160 400 -4000 0.117   64 0.0 0.0
Element: 0    0 0 0 0.000    4033 160 400 -4000 0.117   64 0.0 0.0
Element: 0    0 0 0 0.000    4034 160 400 -4000 0.117   64 0.0 0.0
Element: 0    0 0 0 0.000    4035 160 400 -4000 0.117   64 0.0 0.0
Element: 0    0 0 0 0.000    4036 160 400 -4000 0.117   64 0.0 0.0
Element: 0    0 0 0 0.000    4037 160 400 -4000 0.117   64 0.0 0.0
Element: 0    0 0 0 0.000    4038 160 400 -4000 0.117   64 0.0 0.0
Element: 0    0 0 0 0.000    4039 160 400 -4000 0.117   64 0.0 0.0
Element: 0    0 0 0 0.000    4040 160 400 -4000 0.117   64 0.0 0.0
Element: 0    0 0 0 0.000    4041 160 400 -4000 0.117   64 0.0 0.0
Element: 0    0 0 0 0.000    4042 160 400 -4000 0.117   64 0.0 0.0
Element: 0    0 0 0 0.000    4043 160 400 -4000 0.117   64 0.0 0.0
Element: 0    0 0 0 0.000    4044 160 400 -4000 0.117   64 0.0 0.0
Element: 0    0 0 0 0.000    4045 160 400 -4000 0.117   64 0.0 0.0
Element: 0    0 0 0 0.000    4046 160 400 -4000 0.117   64 0.0 0.0
Element: 0    0 0 0 0.000    4047 160 400 -4000 0.117   64 0.0 0.0
Element: 0    0 0 0 0.000    4048 160 400 -4000 0.117   64 0.0 0.0
Element: 0    0 0 0 0.000    4049 160 400 -4000 0.117   64 0.0 0.0
Element: 0    0 0 0 0.000    4050 160 400 -4000 0.117   64 0.0 0.0
Element: 0    0 0 0 0.000    4051 160 400 -4000 0.117   64 0.0 0.0
Element: 0    0 0 0 0.000    4052 160 400 -4000 0.117   64 0.0 0.0
Element: 0    0 0 0 0.000    4053 160 400 -4000 0.117   64 0.0 0.0
Element: 0    0 0 0 0.000    4054 160 400 -4000 0.117   64 0.0 0.0
Element: 0    0 0 0 0.000    4055 160 400 -4000 0.117   64 0.0 0.0
Element: 0    0 0 0 0.000    4056 160 400 -4000 0.117   64 0.0 0.0
Element: 0    0 0 0 0.000    4057 160 400 -4000 0.117   64 0.0 0.0
Element: 0    0 0 0 0.000    4058 160 400 -4000 0.117   64 0.0 0.0
Element: 0    0 0 0 0.000    4059 160 400 -4000 0.117   64 0.0 0.0
Element: 0    0 0 0 0.000    4060 160 400 -4000 0.117   64 0.0 0.0
Element: 0    0 0 0 0.000    4061 160 400 -4000 0.117   64 0.0 0.0
Element: 0    0 0 0 0.000    4062 160 400 -4000 0.117   64 0.0 0.0
Element: 0    0 0 0 0.000    4063 160 400 -4000 0.117   64 0.0 0.0
Element: 0    0 0 0 0.000    4064 160 400 -4000 0.117   64 0.0 0.0
Element: 0    0 0 0 0.000    4065 160 400 -4000 0.117   64 0.0 0.0
Element: 0    0 0 0 0.000    4066 160 400 -4000 0.117   64 0.0 0.0
Element: 0    0 0 0 0.000    4067 160 400 -4000 0.117   64 0.0 0.0
Element: 0    0 0 0 0.000    4068 160 400 -4000 0.117   64 0.0 0.0
Element: 0    0 0 0 0.000    4069 160 400 -4000 0.117   64 0.0 0.0
Element: 0    0 0 0 0.000    4070 160 400 -4000 0.117   64 0.0 0.0
Element: 0    0 0 0 0.000    4071 160 400 -4000 0.117   64 0.0 0.0
Element: 0    0 0 0 0.000    4072 160 400 -4000 0.117   64 0.0 0.0
Element: 0    0 0 0 0.000    4073 160 400 -4000 0.117   64 0.0 0.0
Element: 0    0 0 0 0.000    4074 160 400 -4000 0.117   64 0.0 0.0
Element: 0    0 0 0 0.000    4075 160 400 -4000 0.117   64 0.0 0.0
Element: 0    0 0 0 0.000    4076 160 400 -4000 0.117   64 0.0 0.0
Element: 0    0 0 0 0.000    4077 160 400 -4000 0.117   64 0.0 0.0
Element: 0    0 0 0 0.000    4078 160 400 -4000 0.117   64 0.0 0.0
Element: 0    0 0 0 0.000    4079 160 400 -4000 0.117   64 0.0 0.0
Element: 0    0 0 0 0.000    4080 160 400 -4000 0.117   64 0.0 0.0
Element: 0    0 0 0 0.000    4081 160 400 -4000 0.117   64 0.0 0.0
Element: 0    0 0 0 0.000    4082 160 400 -4000 0.117   64 0.0 0.0
Element: 0    0 0 0 0.000    4083 160 400 -4000 0.117   64 0.0 0.0
Element: 0    0 0 0 0.000    4084 160 400 -4000 0.117   64 0.0 0.0
Element: 0    0 0 0 0.000    4085 160 400 -4000 0.117   64 0.0 0.0
Element: 0    0 0 0 0.000    4086 160 400 -4000 0.117   64 0.0 0.0
Element: 0    0 0 0 0.000    4087 160 400 -4000 0.117   64 0.0 0.0
Element: 0    0 0 0 0.000    4088 160 400 -4000 0.117   64 0.0 0.0
Element: 0    0 0 0 0.000    4089 160 400 -4000 0.117   64 0.0 0.0
Element: 0    0 0 0 0.000    4090 160 400 -4000 0.117   64 0.0 0.0
Element: 0    0 0 0 0.000    4091 160 400 -4000 0.117   64 0.0 0.0
Element: 0    0 0 0 0.000    4092 160 400 -4000 0.117   64 0.0 0.0
Element: 0    0 0 0 0.000    4093 160 400 -4000 0.117   64 0.0 0.0
Element: 0    0 0 0 0.000    4094 160 400 -4000 0.117   64 0.0 0.0
Element: 0    0 0 0 0.000    4095 160 400 -4000 0.117   64 0.0 0.0
##
## 2th Layer: Chamber 2 "plane" of wires.
## #wi:number of strips; mcl:max number clusters; cls:max cluster size;
## rad: radius (mm); len: length (mm);
## phi0-2: quadratic z correction coeffs;
##        name  #wi mcl cls rad len    phi0    phi1    phi2
Cyl-Wire: Wire2 288   8   8  96 560 -0.0316    0.00    0.00
##
# Specify each wire  belonging to inner wire plane...one line for each
#        ADC# l h p MeV/ch   TDC#   low/high off  ns/ch   r,  z, phi
Element: 0    0 0 0 0.000    4336 160 400 -4000 0.117   96 0.0 0.0
Element: 0    0 0 0 0.000    4337 160 400 -4000 0.117   96 0.0 0.0
Element: 0    0 0 0 0.000    4338 160 400 -4000 0.117   96 0.0 0.0
Element: 0    0 0 0 0.000    4339 160 400 -4000 0.117   96 0.0 0.0
Element: 0    0 0 0 0.000    4340 160 400 -4000 0.117   96 0.0 0.0
Element: 0    0 0 0 0.000    4341 160 400 -4000 0.117   96 0.0 0.0
Element: 0    0 0 0 0.000    4342 160 400 -4000 0.117   96 0.0 0.0
Element: 0    0 0 0 0.000    4343 160 400 -4000 0.117   96 0.0 0.0
Element: 0    0 0 0 0.000    4344 160 400 -4000 0.117   96 0.0 0.0
Element: 0    0 0 0 0.000    4345 160 400 -4000 0.117   96 0.0 0.0
Element: 0    0 0 0 0.000    4346 160 400 -4000 0.117   96 0.0 0.0
Element: 0    0 0 0 0.000    4347 160 400 -4000 0.117   96 0.0 0.0
Element: 0    0 0 0 0.000    4348 160 400 -4000 0.117   96 0.0 0.0
Element: 0    0 0 0 0.000    4349 160 400 -4000 0.117   96 0.0 0.0
Element: 0    0 0 0 0.000    4350 160 400 -4000 0.117   96 0.0 0.0
Element: 0    0 0 0 0.000    4351 160 400 -4000 0.117   96 0.0 0.0
Element: 0    0 0 0 0.000    4352 160 400 -4000 0.117   96 0.0 0.0
Element: 0    0 0 0 0.000    4353 160 400 -4000 0.117   96 0.0 0.0
Element: 0    0 0 0 0.000    4354 160 400 -4000 0.117   96 0.0 0.0
Element: 0    0 0 0 0.000    4355 160 400 -4000 0.117   96 0.0 0.0
Element: 0    0 0 0 0.000    4356 160 400 -4000 0.117   96 0.0 0.0
Element: 0    0 0 0 0.000    4357 160 400 -4000 0.117   96 0.0 0.0
Element: 0    0 0 0 0.000    4358 160 400 -4000 0.117   96 0.0 0.0
Element: 0    0 0 0 0.000    4359 160 400 -4000 0.117   96 0.0 0.0
Element: 0    0 0 0 0.000    4360 160 400 -4000 0.117   96 0.0 0.0
Element: 0    0 0 0 0.000    4361 160 400 -4000 0.117   96 0.0 0.0
Element: 0    0 0 0 0.000    4362 160 400 -4000 0.117   96 0.0 0.0
Element: 0    0 0 0 0.000    4363 160 400 -4000 0.117   96 0.0 0.0
Element: 0    0 0 0 0.000    4364 160 400 -4000 0.117   96 0.0 0.0
Element: 0    0 0 0 0.000    4365 160 400 -4000 0.117   96 0.0 0.0
Element: 0    0 0 0 0.000    4366 160 400 -4000 0.117   96 0.0 0.0
Element: 0    0 0 0 0.000    4367 160 400 -4000 0.117   96 0.0 0.0
Element: 0    0 0 0 0.000    4368 160 400 -4000 0.117   96 0.0 0.0
Element: 0    0 0 0 0.000    4369 160 400 -4000 0.117   96 0.0 0.0
Element: 0    0 0 0 0.000    4370 160 400 -4000 0.117   96 0.0 0.0
Element: 0    0 0 0 0.000    4371 160 400 -4000 0.117   96 0.0 0.0
Element: 0    0 0 0 0.000    4372 160 400 -4000 0.117   96 0.0 0.0
Element: 0    0 0 0 0.000    4373 160 400 -4000 0.117   96 0.0 0.0
Element: 0    0 0 0 0.000    4374 160 400 -4000 0.117   96 0.0 0.0
Element: 0    0 0 0 0.000    4375 160 400 -4000 0.117   96 0.0 0.0
Element: 0    0 0 0 0.000    4376 160 400 -4000 0.117   96 0.0 0.0
Element: 0    0 0 0 0.000    4377 160 400 -4000 0.117   96 0.0 0.0
Element: 0    0 0 0 0.000    4378 160 400 -4000 0.117   96 0.0 0.0
Element: 0    0 0 0 0.000    4379 160 400 -4000 0.117   96 0.0 0.0
Element: 0    0 0 0 0.000    4380 160 400 -4000 0.117   96 0.0 0.0
Element: 0    0 0 0 0.000    4381 160 400 -4000 0.117   96 0.0 0.0
Element: 0    0 0 0 0.000    4382 160 400 -4000 0.117   96 0.0 0.0
Element: 0    0 0 0 0.000    4383 160 400 -4000 0.117   96 0.0 0.0
Element: 0    0 0 0 0.000    4384 160 400 -4000 0.117   96 0.0 0.0
Element: 0    0 0 0 0.000    4385 160 400 -4000 0.117   96 0.0 0.0
Element: 0    0 0 0 0.000    4386 160 400 -4000 0.117   96 0.0 0.0
Element: 0    0 0 0 0.000    4387 160 400 -4000 0.117   96 0.0 0.0
Element: 0    0 0 0 0.000    4388 160 400 -4000 0.117   96 0.0 0.0
Element: 0    0 0 0 0.000    4389 160 400 -4000 0.117   96 0.0 0.0
Element: 0    0 0 0 0.000    4390 160 400 -4000 0.117   96 0.0 0.0
Element: 0    0 0 0 0.000    4391 160 400 -4000 0.117   96 0.0 0.0
Element: 0    0 0 0 0.000    4392 160 400 -4000 0.117   96 0.0 0.0
Element: 0    0 0 0 0.000    4393 160 400 -4000 0.117   96 0.0 0.0
Element: 0    0 0 0 0.000    4394 160 400 -4000 0.117   96 0.0 0.0
Element: 0    0 0 0 0.000    4395 160 400 -4000 0.117   96 0.0 0.0
Element: 0    0 0 0 0.000    4396 160 400 -4000 0.117   96 0.0 0.0
Element: 0    0 0 0 0.000    4397 160 400 -4000 0.117   96 0.0 0.0
Element: 0    0 0 0 0.000    4398 160 400 -4000 0.117   96 0.0 0.0
Element: 0    0 0 0 0.000    4399 160 400 -4000 0.117   96 0.0 0.0
Element: 0    0 0 0 0.000    4400 160 400 -4000 0.117   96 0.0 0.0
Element: 0    0 0 0 0.000    4401 160 400 -4000 0.117   96 0.0 0.0
Element: 0    0 0 0 0.000    4402 160 400 -4000 0.117   96 0.0 0.0
Element: 0    0 0 0 0.000    4403 160 400 -4000 0.117   96 0.0 0.0
Element: 0    0 0 0 0.000    4404 160 400 -4000 0.117   96 0.0 0.0
Element: 0    0 0 0 0.000    4405 160 400 -4000 0.117   96 0.0 0.0
Element: 0    0 0 0 0.000    4406 160 400 -4000 0.117   96 0.0 0.0
Element: 0    0 0 0 0.000    4407 160 400 -4000 0.117   96 0.0 0.0
Element: 0    0 0 0 0.000    4408 160 400 -4000 0.117   96 0.0 0.0
Element: 0    0 0 0 0.000    4409 160 400 -4000 0.117   96 0.0 0.0
Element: 0    0 0 0 0.000    4410 160 400 -4000 0.117   96 0.0 0.0
Element: 0    0 0 0 0.000    4411 160 400 -4000 0.117   96 0.0 0.0
Element: 0    0 0 0 0.000    4412 160 400 -4000 0.117   96 0.0 0.0
Element: 0    0 0 0 0.000    4413 160 400 -4000 0.117   96 0.0 0.0
Element: 0    0 0 0 0.000    4414 160 400 -4000 0.117   96 0.0 0.0
Element: 0    0 0 0 0.000    4415 160 400 -4000 0.117   96 0.0 0.0
Element: 0    0 0 0 0.000    4416 160 400 -4000 0.117   96 0.0 0.0
Element: 0    0 0 0 0.000    4417 160 400 -4000 0.117   96 0.0 0.0
Element: 0    0 0 0 0.000    4418 160 400 -4000 0.117   96 0.0 0.0
Element: 0    0 0 0 0.000    4419 160 400 -4000 0.117   96 0.0 0.0
Element: 0    0 0 0 0.000    4420 160 400 -4000 0.117   96 0.0 0.0
Element: 0    0 0 0 0.000    4421 160 400 -4000 0.117   96 0.0 0.0
Element: 0    0 0 0 0.000    4422 160 400 -4000 0.117   96 0.0 0.0
Element: 0    0 0 0 0.000    4423 160 400 -4000 0.117   96 0.0 0.0
Element: 0    0 0 0 0.000    4424 160 400 -4000 0.117   96 0.0 0.0
Element: 0    0 0 0 0.000    4425 160 400 -4000 0.117   96 0.0 0.0
Element: 0    0 0 0 0.000    4426 160 400 -4000 0.117   96 0.0 0.0
Element: 0    0 0 0 0.000    4427 160 400 -4000 0.117   96 0.0 0.0
Element: 0    0 0 0 0.000    4428 160 400 -4000 0.117   96 0.0 0.0
Element: 0    0 0 0 0.000    4429 160 400 -4000 0.117   96 0.0 0.0
Element: 0    0 0 0 0.000    4430 160 400 -4000 0.117   96 0.0 0.0
Element: 0    0 0 0 0.000    4431 160 400 -4000 0.117   96 0.0 0.0
Element: 0    0 0 0 0.000    4432 160 400 -4000 0.117   96 0.0 0.0
Element: 0    0 0 0 0.000    4433 160 400 -4000 0.117   96 0.0 0.0
Element: 0    0 0 0 0.000    4434 160 400 -4000 0.117   96 0.0 0.0
Element: 0    0 0 0 0.000    4435 160 400 -4000 0.117   96 0.0 0.0
Element: 0    0 0 0 0.000    4436 160 400 -4000 0.117   96 0.0 0.0
Element: 0    0 0 0 0.000    4437 160 400 -4000 0.117   96 0.0 0.0
Element: 0    0 0 0 0.000    4438 160 400 -4000 0.117   96 0.0 0.0
Element: 0    0 0 0 0.000    4439 160 400 -4000 0.117   96 0.0 0.0
Element: 0    0 0 0 0.000    4440 160 400 -4000 0.117   96 0.0 0.0
Element: 0    0 0 0 0.000    4441 160 400 -4000 0.117   96 0.0 0.0
Element: 0    0 0 0 0.000    4442 160 400 -4000 0.117   96 0.0 0.0
Element: 0    0 0 0 0.000    4443 160 400 -4000 0.117   96 0.0 0.0
Element: 0    0 0 0 0.000    4444 160 400 -4000 0.117   96 0.0 0.0
Element: 0    0 0 0 0.000    4445 160 400 -4000 0.117   96 0.0 0.0
Element: 0    0 0 0 0.000    4446 160 400 -4000 0.117   96 0.0 0.0
Element: 0    0 0 0 0.000    4447 160 400 -4000 0.117   96 0.0 0.0
Element: 0    0 0 0 0.000    4448 160 400 -4000 0.117   96 0.0 0.0
Element: 0    0 0 0 0.000    4449 160 400 -4000 0.117   96 0.0 0.0
Element: 0    0 0 0 0.000    4450 160 400 -4000 0.117   96 0.0 0.0
Element: 0    0 0 0 0.000    4451 160 400 -4000 0.117   96 0.0 0.0
Element: 0    0 0 0 0.000    4452 160 400 -4000 0.117   96 0.0 0.0
Element: 0    0 0 0 0.000    4453 160 400 -4000 0.117   96 0.0 0.0
Element: 0    0 0 0 0.000    4454 160 400 -4000 0.117   96 0.0 0.0
Element: 0    0 0 0 0.000    4455 160 400 -4000 0.117   96 0.0 0.0
Element: 0    0 0 0 0.000    4456 160 400 -4000 0.117   96 0.0 0.0
Element: 0    0 0 0 0.000    4457 160 400 -4000 0.117   96 0.0 0.0
Element: 0    0 0 0 0.000    4458 160 400 -4000 0.117   96 0.0 0.0
Element: 0    0 0 0 0.000    4459 160 400 -4000 0.117   96 0.0 0.0
Element: 0    0 0 0 0.000    4460 160 400 -4000 0.117   96 0.0 0.0
Element: 0    0 0 0 0.000    4461 160 400 -4000 0.117   96 0.0 0.0
Element: 0    0 0 0 0.000    4462 160 400 -4000 0.117   96 0.0 0.0
Element: 0    0 0 0 0.000    4463 160 400 -4000 0.117   96 0.0 0.0
Element: 0    0 0 0 0.000    4464 160 400 -4000 0.117   96 0.0 0.0
Element: 0    0 0 0 0.000    4465 160 400 -4000 0.117   96 0.0 0.0
Element: 0    0 0 0 0.000    4466 160 400 -4000 0.117   96 0.0 0.0
Element: 0    0 0 0 0.000    4467 160 400 -4000 0.117   96 0.0 0.0
Element: 0    0 0 0 0.000    4468 160 400 -4000 0.117   96 0.0 0.0
Element: 0    0 0 0 0.000    4469 160 400 -4000 0.117   96 0.0 0.0
Element: 0    0 0 0 0.000    4470 160 400 -4000 0.117   96 0.0 0.0
Element: 0    0 0 0 0.000    4471 160 400 -4000 0.117   96 0.0 0.0
Element: 0    0 0 0 0.000    4472 160 400 -4000 0.117   96 0.0 0.0
Element: 0    0 0 0 0.000    4473 160 400 -4000 0.117   96 0.0 0.0
Element: 0    0 0 0 0.000    4474 160 400 -4000 0.117   96 0.0 0.0
Element: 0    0 0 0 0.000    4475 160 400 -4000 0.117   96 0.0 0.0
Element: 0    0 0 0 0.000    4476 160 400 -4000 0.117   96 0.0 0.0
Element: 0    0 0 0 0.000    4477 160 400 -4000 0.117   96 0.0 0.0
Element: 0    0 0 0 0.000    4478 160 400 -4000 0.117   96 0.0 0.0
Element: 0    0 0 0 0.000    4479 160 400 -4000 0.117   96 0.0 0.0
Element: 0    0 0 0 0.000    4192 160 400 -4000 0.117   96 0.0 0.0
Element: 0    0 0 0 0.000    4193 160 400 -4000 0.117   96 0.0 0.0
Element: 0    0 0 0 0.000    4194 160 400 -4000 0.117   96 0.0 0.0
Element: 0    0 0 0 0.000    4195 160 400 -4000 0.117   96 0.0 0.0
Element: 0    0 0 0 0.000    4196 160 400 -4000 0.117   96 0.0 0.0
Element: 0    0 0 0 0.000    4197 160 400 -4000 0.117   96 0.0 0.0
Element: 0    0 0 0 0.000    4198 160 400 -4000 0.117   96 0.0 0.0
Element: 0    0 0 0 0.000    4199 160 400 -4000 0.117   96 0.0 0.0
Element: 0    0 0 0 0.000    4200 160 400 -4000 0.117   96 0.0 0.0
Element: 0    0 0 0 0.000    4201 160 400 -4000 0.117   96 0.0 0.0
Element: 0    0 0 0 0.000    4202 160 400 -4000 0.117   96 0.0 0.0
Element: 0    0 0 0 0.000    4203 160 400 -4000 0.117   96 0.0 0.0
Element: 0    0 0 0 0.000    4204 160 400 -4000 0.117   96 0.0 0.0
Element: 0    0 0 0 0.000    4205 160 400 -4000 0.117   96 0.0 0.0
Element: 0    0 0 0 0.000    4206 160 400 -4000 0.117   96 0.0 0.0
Element: 0    0 0 0 0.000    4207 160 400 -4000 0.117   96 0.0 0.0
Element: 0    0 0 0 0.000    4208 160 400 -4000 0.117   96 0.0 0.0
Element: 0    0 0 0 0.000    4209 160 400 -4000 0.117   96 0.0 0.0
Element: 0    0 0 0 0.000    4210 160 400 -4000 0.117   96 0.0 0.0
Element: 0    0 0 0 0.000    4211 160 400 -4000 0.117   96 0.0 0.0
Element: 0    0 0 0 0.000    4212 160 400 -4000 0.117   96 0.0 0.0
Element: 0    0 0 0 0.000    4213 160 400 -4000 0.117   96 0.0 0.0
Element: 0    0 0 0 0.000    4214 160 400 -4000 0.117   96 0.0 0.0
Element: 0    0 0 0 0.000    4215 160 400 -4000 0.117   96 0.0 0.0
Element: 0    0 0 0 0.000    4216 160 400 -4000 0.117   96 0.0 0.0
Element: 0    0 0 0 0.000    4217 160 400 -4000 0.117   96 0.0 0.0
Element: 0    0 0 0 0.000    4218 160 400 -4000 0.117   96 0.0 0.0
Element: 0    0 0 0 0.000    4219 160 400 -4000 0.117   96 0.0 0.0
Element: 0    0 0 0 0.000    4220 160 400 -4000 0.117   96 0.0 0.0
Element: 0    0 0 0 0.000    4221 160 400 -4000 0.117   96 0.0 0.0
Element: 0    0 0 0 0.000    4222 160 400 -4000 0.117   96 0.0 0.0
Element: 0    0 0 0 0.000    4223 160 400 -4000 0.117   96 0.0 0.0
Element: 0    0 0 0 0.000    4224 160 400 -4000 0.117   96 0.0 0.0
Element: 0    0 0 0 0.000    4225 160 400 -4000 0.117   96 0.0 0.0
Element: 0    0 0 0 0.000    4226 160 400 -4000 0.117   96 0.0 0.0
Element: 0    0 0 0 0.000    4227 160 400 -4000 0.117   96 0.0 0.0
Element: 0    0 0 0 0.000    4228 160 400 -4000 0.117   96 0.0 0.0
Element: 0    0 0 0 0.000    4229 160 400 -4000 0.117   96 0.0 0.0
Element: 0    0 0 0 0.000    4230 160 400 -4000 0.117   96 0.0 0.0
Element: 0    0 0 0 0.000    4231 160 400 -4000 0.117   96 0.0 0.0
Element: 0    0 0 0 0.000    4232 160 400 -4000 0.117   96 0.0 0.0
Element: 0    0 0 0 0.000    4233 160 400 -4000 0.117   96 0.0 0.0
Element: 0    0 0 0 0.000    4234 160 400 -4000 0.117   96 0.0 0.0
Element: 0    0 0 0 0.000    4235 160 400 -4000 0.117   96 0.0 0.0
Element: 0    0 0 0 0.000    4236 160 400 -4000 0.117   96 0.0 0.0
Element: 0    0 0 0 0.000    4237 160 400 -4000 0.117   96 0.0 0.0
Element: 0    0 0 0 0.000    4238 160 400 -4000 0.117   96 0.0 0.0
Element: 0    0 0 0 0.000    4239 160 400 -4000 0.117   96 0.0 0.0
Element: 0    0 0 0 0.000    4240 160 400 -4000 0.117   96 0.0 0.0
Element: 0    0 0 0 0.000    4241 160 400 -4000 0.117   96 0.0 0.0
Element: 0    0 0 0 0.000    4242 160 400 -4000 0.117   96 0.0 0.0
Element: 0    0 0 0 0.000    4243 160 400 -4000 0.117   96 0.0 0.0
Element: 0    0 0 0 0.000    4244 160 400 -4000 0.117   96 0.0 0.0
Element: 0    0 0 0 0.000    4245 160 400 -4000 0.117   96 0.0 0.0
Element: 0    0 0 0 0.000    4246 160 400 -4000 0.117   96 0.0 0.0
Element: 0    0 0 0 0.000    4247 160 400 -4000 0.117   96 0.0 0.0
Element: 0    0 0 0 0.000    4248 160 400 -4000 0.117   96 0.0 0.0
Element: 0    0 0 0 0.000    4249 160 400 -4000 0.117   96 0.0 0.0
Element: 0    0 0 0 0.000    4250 160 400 -4000 0.117   96 0.0 0.0
Element: 0    0 0 0 0.000    4251 160 400 -4000 0.117   96 0.0 0.0
Element: 0    0 0 0 0.000    4252 160 400 -4000 0.117   96 0.0 0.0
Element: 0    0 0 0 0.000    4253 160 400 -4000 0.117   96 0.0 0.0
Element: 0    0 0 0 0.000    4254 160 400 -4000 0.117   96 0.0 0.0
Element: 0    0 0 0 0.000    4255 160 400 -4000 0.117   96 0.0 0.0
Element: 0    0 0 0 0.000    4256 160 400 -4000 0.117   96 0.0 0.0
Element: 0    0 0 0 0.000    4257 160 400 -4000 0.117   96 0.0 0.0
Element: 0    0 0 0 0.000    4258 160 400 -4000 0.117   96 0.0 0.0
Element: 0    0 0 0 0.000    4259 160 400 -4000 0.117   96 0.0 0.0
Element: 0    0 0 0 0.000    4260 160 400 -4000 0.117   96 0.0 0.0
Element: 0    0 0 0 0.000    4261 160 400 -4000 0.117   96 0.0 0.0
Element: 0    0 0 0 0.000    4262 160 400 -4000 0.117   96 0.0 0.0
Element: 0    0 0 0 0.000    4263 160 400 -4000 0.117   96 0.0 0.0
Element: 0    0 0 0 0.000    4264 160 400 -4000 0.117   96 0.0 0.0
Element: 0    0 0 0 0.000    4265 160 400 -4000 0.117   96 0.0 0.0
Element: 0    0 0 0 0.000    4266 160 400 -4000 0.117   96 0.0 0.0
Element: 0    0 0 0 0.000    4267 160 400 -4000 0.117   96 0.0 0.0
Element: 0    0 0 0 0.000    4268 160 400 -4000 0.117   96 0.0 0.0
Element: 0    0 0 0 0.000    4269 160 400 -4000 0.117   96 0.0 0.0
Element: 0    0 0 0 0.000    4270 160 400 -4000 0.117   96 0.0 0.0
Element: 0    0 0 0 0.000    4271 160 400 -4000 0.117   96 0.0 0.0
Element: 0    0 0 0 0.000    4272 160 400 -4000 0.117   96 0.0 0.0
Element: 0    0 0 0 0.000    4273 160 400 -4000 0.117   96 0.0 0.0
Element: 0    0 0 0 0.000    4274 160 400 -4000 0.117   96 0.0 0.0
Element: 0    0 0 0 0.000    4275 160 400 -4000 0.117   96 0.0 0.0
Element: 0    0 0 0 0.000    4276 160 400 -4000 0.117   96 0.0 0.0
Element: 0    0 0 0 0.000    4277 160 400 -4000 0.117   96 0.0 0.0
Element: 0    0 0 0 0.000    4278 160 400 -4000 0.117   96 0.0 0.0
Element: 0    0 0 0 0.000    4279 160 400 -4000 0.117   96 0.0 0.0
Element: 0    0 0 0 0.000    4280 160 400 -4000 0.117   96 0.0 0.0
Element: 0    0 0 0 0.000    4281 160 400 -4000 0.117   96 0.0 0.0
Element: 0    0 0 0 0.000    4282 160 400 -4000 0.117   96 0.0 0.0
Element: 0    0 0 0 0.000    4283 160 400 -4000 0.117   96 0.0 0.0
Element: 0    0 0 0 0.000    4284 160 400 -4000 0.117   96 0.0 0.0
Element: 0    0 0 0 0.000    4285 160 400 -4000 0.117   96 0.0 0.0
Element: 0    0 0 0 0.000    4286 160 400 -4000 0.117   96 0.0 0.0
Element: 0    0 0 0 0.000    4287 160 400 -4000 0.117   96 0.0 0.0
Element: 0    0 0 0 0.000    4288 160 400 -4000 0.117   96 0.0 0.0
Element: 0    0 0 0 0.000    4289 160 400 -4000 0.117   96 0.0 0.0
Element: 0    0 0 0 0.000    4290 160 400 -4000 0.117   96 0.0 0.0
Element: 0    0 0 0 0.000    4291 160 400 -4000 0.117   96 0.0 0.0
Element: 0    0 0 0 0.000    4292 160 400 -4000 0.117   96 0.0 0.0
Element: 0    0 0 0 0.000    4293 160 400 -4000 0.117   96 0.0 0.0
Element: 0    0 0 0 0.000    4294 160 400 -4000 0.117   96 0.0 0.0
Element: 0    0 0 0 0.000    4295 160 400 -4000 0.117   96 0.0 0.0
Element: 0    0 0 0 0.000    4296 160 400 -4000 0.117   96 0.0 0.0
Element: 0    0 0 0 0.000    4297 160 400 -4000 0.117   96 0.0 0.0
Element: 0    0 0 0 0.000    4298 160 400 -4000 0.117   96 0.0 0.0
Element: 0    0 0 0 0.000    4299 160 400 -4000 0.117   96 0.0 0.0
Element: 0    0 0 0 0.000    4300 160 400 -4000 0.117   96 0.0 0.0
Element: 0    0 0 0 0.000    4301 160 400 -4000 0.117   96 0.0 0.0
Element: 0    0 0 0 0.000    4302 160 400 -4000 0.117   96 0.0 0.0
Element: 0    0 0 0 0.000    4303 160 400 -4000 0.117   96 0.0 0.0
Element: 0    0 0 0 0.000    4304 160 400 -4000 0.117   96 0.0 0.0
Element: 0    0 0 0 0.000    4305 160 400 -4000 0.117   96 0.0 0.0
Element: 0    0 0 0 0.000    4306 160 400 -4000 0.117   96 0.0 0.0
Element: 0    0 0 0 0.000    4307 160 400 -4000 0.117   96 0.0 0.0
Element: 0    0 0 0 0.000    4308 160 400 -4000 0.117   96 0.0 0.0
Element: 0    0 0 0 0.000    4309 160 400 -4000 0.117   96 0.0 0.0
Element: 0    0 0 0 0.000    4310 160 400 -4000 0.117   96 0.0 0.0
Element: 0    0 0 0 0.000    4311 160 400 -4000 0.117   96 0.0 0.0
Element: 0    0 0 0 0.000    4312 160 400 -4000 0.117   96 0.0 0.0
Element: 0    0 0 0 0.000    4313 160 400 -4000 0.117   96 0.0 0.0
Element: 0    0 0 0 0.000    4314 160 400 -4000 0.117   96 0.0 0.0
Element: 0    0 0 0 0.000    4315 160 400 -4000 0.117   96 0.0 0.0
Element: 0    0 0 0 0.000    4316 160 400 -4000 0.117   96 0.0 0.0
Element: 0    0 0 0 0.000    4317 160 400 -4000 0.117   96 0.0 0.0
Element: 0    0 0 0 0.000    4318 160 400 -4000 0.117   96 0.0 0.0
Element: 0    0 0 0 0.000    4319 160 400 -4000 0.117   96 0.0 0.0
Element: 0    0 0 0 0.000    4320 160 400 -4000 0.117   96 0.0 0.0
Element: 0    0 0 0 0.000    4321 160 400 -4000 0.117   96 0.0 0.0
Element: 0    0 0 0 0.000    4322 160 400 -4000 0.117   96 0.0 0.0
Element: 0    0 0 0 0.000    4323 160 400 -4000 0.117   96 0.0 0.0
Element: 0    0 0 0 0.000    4324 160 400 -4000 0.117   96 0.0 0.0
Element: 0    0 0 0 0.000    4325 160 400 -4000 0.117   96 0.0 0.0
Element: 0    0 0 0 0.000    4326 160 400 -4000 0.117   96 0.0 0.0
Element: 0    0 0 0 0.000    4327 160 400 -4000 0.117   96 0.0 0.0
Element: 0    0 0 0 0.000    4328 160 400 -4000 0.117   96 0.0 0.0
Element: 0    0 0 0 0.000    4329 160 400 -4000 0.117   96 0.0 0.0
Element: 0    0 0 0 0.000    4330 160 400 -4000 0.117   96 0.0 0.0
Element: 0    0 0 0 0.000    4331 160 400 -4000 0.117   96 0.0 0.0
Element: 0    0 0 0 0.000    4332 160 400 -4000 0.117   96 0.0 0.0
Element: 0    0 0 0 0.000    4333 160 400 -4000 0.117   96 0.0 0.0
Element: 0    0 0 0 0.000    4334 160 400 -4000 0.117   96 0.0 0.0
Element: 0    0 0 0 0.000    4335 160 400 -4000 0.117   96 0.0 0.0
##
## 3rd Layer: Chamber 1 inner strips
## #st:number of strips; mcl:max number clusters; cls:max cluster size;
## rad: radius (mm); tgwc: tan helix angle?; Z0: zero point in z;
## ZA0-2: quadratic z correction coeffs;
## PhA0-2: qadratic phi correction coefficients
##         name        #st mcl cls rad  len    tgwc  Z0 pit   ZA0 ZA1 ZA2 PhA0 PhA1 PhA2
Cyl-Strip: InnerStrip1  60   8  8  60   360 0.97445   0 4.5 18.34 0.0 0.0  0.0  0.0  0.0
##
## Specify each wire  belonging to inner wire plane...one line for each
##       ADC#   l  h   p MeV/ch       TDC# l/h off  ns/ch     r,  z, phi
Element: 5302   0 1000 0 0.923934     0 0 0 0 0               60 0.0 0.0
Element: 5303   0 1000 0 0.949072     0 0 0 0 0               60 0.0 0.0
Element: 5080   0 1000 0 0.857900     0 0 0 0 0               60 0.0 0.0
Element: 5081   0 1000 0 0.881549     0 0 0 0 0               60 0.0 0.0
Element: 5082   0 1000 0 0.850909     0 0 0 0 0               60 0.0 0.0
Element: 5083   0 1000 0 0.884665     0 0 0 0 0               60 0.0 0.0
Element: 5084   0 1000 0 0.867339     0 0 0 0 0               60 0.0 0.0
Element: 5085   0 1000 0 0.877768     0 0 0 0 0               60 0.0 0.0
Element: 5086   0 1000 0 0.848343     0 0 0 0 0               60 0.0 0.0
Element: 5087   0 1000 0 0.859739     0 0 0 0 0               60 0.0 0.0
Element: 5088   0 1000 0 0.842749     0 0 0 0 0               60 0.0 0.0
Element: 5089   0 1000 0 0.873977     0 0 0 0 0               60 0.0 0.0
Element: 5090   0 1000 0 0.829618     0 0 0 0 0               60 0.0 0.0
Element: 5091   0 1000 0 0.896247     0 0 0 0 0               60 0.0 0.0
Element: 5092   0 1000 0 0.863540     0 0 0 0 0               60 0.0 0.0
Element: 5093   0 1000 0 0.894370     0 0 0 0 0               60 0.0 0.0
Element: 5094   0 1000 0 0.896848     0 0 0 0 0               60 0.0 0.0
Element: 5095   0 1000 0 0.871635     0 0 0 0 0               60 0.0 0.0
Element: 5016   0 1000 0 1.062981     0 0 0 0 0               60 0.0 0.0
Element: 5017   0 1000 0 0.976009     0 0 0 0 0               60 0.0 0.0
Element: 5018   0 1000 0 0.954253     0 0 0 0 0               60 0.0 0.0
Element: 5019   0 1000 0 1.000000     0 0 0 0 0               60 0.0 0.0
Element: 5020   0 1000 0 0.991391     0 0 0 0 0               60 0.0 0.0
Element: 5021   0 1000 0 0.977330     0 0 0 0 0               60 0.0 0.0
Element: 5022   0 1000 0 1.000000     0 0 0 0 0               60 0.0 0.0
Element: 5023   0 1000 0 0.986519     0 0 0 0 0               60 0.0 0.0
Element: 5024   0 1000 0 1.024588     0 0 0 0 0               60 0.0 0.0
Element: 5025   0 1000 0 0.986744     0 0 0 0 0               60 0.0 0.0
Element: 5026   0 1000 0 0.956767     0 0 0 0 0               60 0.0 0.0
Element: 5027   0 1000 0 0.955083     0 0 0 0 0               60 0.0 0.0
Element: 5032   0 1000 0 0.906172     0 0 0 0 0               60 0.0 0.0
Element: 5033   0 1000 0 1.112657     0 0 0 0 0               60 0.0 0.0
Element: 5034   0 1000 0 1.098271     0 0 0 0 0               60 0.0 0.0
Element: 5035   0 1000 0 1.053164     0 0 0 0 0               60 0.0 0.0
Element: 5036   0 1000 0 1.029385     0 0 0 0 0               60 0.0 0.0
Element: 5037   0 1000 0 1.092915     0 0 0 0 0               60 0.0 0.0
Element: 5038   0 1000 0 1.038827     0 0 0 0 0               60 0.0 0.0
Element: 5039   0 1000 0 1.033700     0 0 0 0 0               60 0.0 0.0
Element: 5040   0 1000 0 1.066041     0 0 0 0 0               60 0.0 0.0
Element: 5041   0 1000 0 1.070489     0 0 0 0 0               60 0.0 0.0
Element: 5042   0 1000 0 1.062164     0 0 0 0 0               60 0.0 0.0
Element: 5043   0 1000 0 1.093165     0 0 0 0 0               60 0.0 0.0
Element: 5044   0 1000 0 1.118310     0 0 0 0 0               60 0.0 0.0
Element: 5045   0 1000 0 1.012739     0 0 0 0 0               60 0.0 0.0
Element: 5046   0 1000 0 1.028211     0 0 0 0 0               60 0.0 0.0
Element: 5047   0 1000 0 1.060365     0 0 0 0 0               60 0.0 0.0
Element: 5288   0 1000 0 0.988690     0 0 0 0 0               60 0.0 0.0
Element: 5289   0 1000 0 0.937377     0 0 0 0 0               60 0.0 0.0
Element: 5290   0 1000 0 0.946098     0 0 0 0 0               60 0.0 0.0
Element: 5291   0 1000 0 0.920926     0 0 0 0 0               60 0.0 0.0
Element: 5292   0 1000 0 0.923906     0 0 0 0 0               60 0.0 0.0
Element: 5293   0 1000 0 0.959494     0 0 0 0 0               60 0.0 0.0
Element: 5294   0 1000 0 0.955877     0 0 0 0 0               60 0.0 0.0
Element: 5295   0 1000 0 0.942639     0 0 0 0 0               60 0.0 0.0
Element: 5296   0 1000 0 0.931037     0 0 0 0 0               60 0.0 0.0
Element: 5297   0 1000 0 1.179703     0 0 0 0 0               60 0.0 0.0
Element: 5298   0 1000 0 1.136243     0 0 0 0 0               60 0.0 0.0
Element: 5299   0 1000 0 1.005929     0 0 0 0 0               60 0.0 0.0
Element: 5300   0 1000 0 0.969772     0 0 0 0 0               60 0.0 0.0
Element: 5301   0 1000 0 1.014112     0 0 0 0 0               60 0.0 0.0
##
## 4th Layer: Chamber 1 outer strips. dist(mm), angles(deg), corr coefs
## #st:number of strips; mcl:max number clusters; cls:max cluster size;
## rad: radius (mm); tgwc: tan helix angle?; Z0: zero point in z;
## ZA0-2: quadratic z correction coeffs;
## PhA0-2: qadratic phi correction coefficients (rad)
##         name       #st mcl cls rad len tgwc   Z0 pit ZA0 ZA1 ZA2 PhA0 PhA1 PhA2
Cyl-Strip: OuterStrip1 68 8   8   68  360 0.97445 0 4.5 1.5 0.0 0.0 0.00 0.00 0.00
##
## Specify each wire  belonging to inner wire plane...one line for each
##       ADC#   l  h   p MeV/ch TDC# l/h off  ns/ch     r,  z, phi
Element: 5258   0 1000 0 1.003228     0 0 0 0 0               68 0.0 0.0
Element: 5259   0 1000 0 1.074933     0 0 0 0 0               68 0.0 0.0
Element: 5260   0 1000 0 1.050800     0 0 0 0 0               68 0.0 0.0
Element: 5261   0 1000 0 0.970412     0 0 0 0 0               68 0.0 0.0
Element: 5262   0 1000 0 1.036871     0 0 0 0 0               68 0.0 0.0
Element: 5263   0 1000 0 1.016481     0 0 0 0 0               68 0.0 0.0
Element: 5264   0 1000 0 1.052969     0 0 0 0 0               68 0.0 0.0
Element: 5265   0 1000 0 0.987836     0 0 0 0 0               68 0.0 0.0
Element: 5266   0 1000 0 1.042079     0 0 0 0 0               68 0.0 0.0
Element: 5267   0 1000 0 1.067722     0 0 0 0 0               68 0.0 0.0
Element: 5268   0 1000 0 1.000169     0 0 0 0 0               68 0.0 0.0
Element: 5269   0 1000 0 1.028068     0 0 0 0 0               68 0.0 0.0
Element: 5270   0 1000 0 1.041967     0 0 0 0 0               68 0.0 0.0
Element: 5271   0 1000 0 1.041246     0 0 0 0 0               68 0.0 0.0
Element: 5048   0 1000 0 0.994749     0 0 0 0 0               68 0.0 0.0
Element: 5049   0 1000 0 0.939750     0 0 0 0 0               68 0.0 0.0
Element: 5050   0 1000 0 0.895787     0 0 0 0 0               68 0.0 0.0
Element: 5051   0 1000 0 0.963444     0 0 0 0 0               68 0.0 0.0
Element: 5052   0 1000 0 0.971704     0 0 0 0 0               68 0.0 0.0
Element: 5053   0 1000 0 0.955326     0 0 0 0 0               68 0.0 0.0
Element: 5054   0 1000 0 0.930484     0 0 0 0 0               68 0.0 0.0
Element: 5055   0 1000 0 0.941314     0 0 0 0 0               68 0.0 0.0
Element: 5056   0 1000 0 0.937732     0 0 0 0 0               68 0.0 0.0
Element: 5057   0 1000 0 0.972483     0 0 0 0 0               68 0.0 0.0
Element: 5058   0 1000 0 0.927641     0 0 0 0 0               68 0.0 0.0
Element: 5059   0 1000 0 0.943327     0 0 0 0 0               68 0.0 0.0
Element: 5060   0 1000 0 0.902821     0 0 0 0 0               68 0.0 0.0
Element: 5061   0 1000 0 0.962752     0 0 0 0 0               68 0.0 0.0
Element: 5062   0 1000 0 0.928847     0 0 0 0 0               68 0.0 0.0
Element: 5063   0 1000 0 0.965111     0 0 0 0 0               68 0.0 0.0
Element: 5028   0 1000 0 0.926896     0 0 0 0 0               68 0.0 0.0
Element: 5029   0 1000 0 1.109046     0 0 0 0 0               68 0.0 0.0
Element: 5030   0 1000 0 0.989674     0 0 0 0 0               68 0.0 0.0
Element: 5031   0 1000 0 1.043949     0 0 0 0 0               68 0.0 0.0
Element: 5000   0 1000 0 0.982292     0 0 0 0 0               68 0.0 0.0
Element: 5001   0 1000 0 0.958919     0 0 0 0 0               68 0.0 0.0
Element: 5002   0 1000 0 0.939133     0 0 0 0 0               68 0.0 0.0
Element: 5003   0 1000 0 0.950348     0 0 0 0 0               68 0.0 0.0
Element: 5004   0 1000 0 1.000000     0 0 0 0 0               68 0.0 0.0
Element: 5005   0 1000 0 0.968069     0 0 0 0 0               68 0.0 0.0
Element: 5006   0 1000 0 0.911945     0 0 0 0 0               68 0.0 0.0
Element: 5007   0 1000 0 0.957218     0 0 0 0 0               68 0.0 0.0
Element: 5008   0 1000 0 0.920498     0 0 0 0 0               68 0.0 0.0
Element: 5009   0 1000 0 0.968047     0 0 0 0 0               68 0.0 0.0
Element: 5010   0 1000 0 0.950326     0 0 0 0 0               68 0.0 0.0
Element: 5011   0 1000 0 1.018491     0 0 0 0 0               68 0.0 0.0
Element: 5012   0 1000 0 0.911073     0 0 0 0 0               68 0.0 0.0
Element: 5013   0 1000 0 0.948635     0 0 0 0 0               68 0.0 0.0
Element: 5014   0 1000 0 1.236534     0 0 0 0 0               68 0.0 0.0
Element: 5015   0 1000 0 0.994719     0 0 0 0 0               68 0.0 0.0
Element: 5112   0 1000 0 1.036376     0 0 0 0 0               68 0.0 0.0
Element: 5113   0 1000 0 1.019715     0 0 0 0 0               68 0.0 0.0
Element: 5114   0 1000 0 0.987213     0 0 0 0 0               68 0.0 0.0
Element: 5115   0 1000 0 1.044294     0 0 0 0 0               68 0.0 0.0
Element: 5116   0 1000 0 1.024575     0 0 0 0 0               68 0.0 0.0
Element: 5117   0 1000 0 1.082441     0 0 0 0 0               68 0.0 0.0
Element: 5118   0 1000 0 0.990903     0 0 0 0 0               68 0.0 0.0
Element: 5119   0 1000 0 1.077396     0 0 0 0 0               68 0.0 0.0
Element: 5120   0 1000 0 1.039685     0 0 0 0 0               68 0.0 0.0
Element: 5121   0 1000 0 1.153220     0 0 0 0 0               68 0.0 0.0
Element: 5122   0 1000 0 1.065118     0 0 0 0 0               68 0.0 0.0
Element: 5123   0 1000 0 1.027070     0 0 0 0 0               68 0.0 0.0
Element: 5124   0 1000 0 0.991053     0 0 0 0 0               68 0.0 0.0
Element: 5125   0 1000 0 1.047761     0 0 0 0 0               68 0.0 0.0
Element: 5126   0 1000 0 1.043214     0 0 0 0 0               68 0.0 0.0
Element: 5127   0 1000 0 1.038884     0 0 0 0 0               68 0.0 0.0
Element: 5256   0 1000 0 1.004066     0 0 0 0 0               68 0.0 0.0
Element: 5257   0 1000 0 1.047536     0 0 0 0 0               68 0.0 0.0
#
##
## 5th Layer: Chamber 2 inner strips. dist(mm), angles(deg), corr coefs
## #st:number of strips; mcl:max number clusters; cls:max cluster size;
## rad: radius (mm); tgwc: tan helix angle?; Z0: zero point in z;
## ZA0-2: quadratic z correction coeffs;
## PhA0-2: qadratic phi correction coefficients
##         name       #st mcl cls rad len tgwc    Z0 pit ZA0 ZA1 ZA2 PhA0 PhA1 PhA2
Cyl-Strip: InnerStrip2 92 8   8   92  560 0.97445 0  4.5 4.2 0.0 0.0 0.00 0.00 0.00
##
## Specify each wire  belonging to inner wire plane...one line for each
##       ADC#   l  h   p MeV/ch TDC# l/h off  ns/ch     r,  z, phi
Element: 5254   0 1000 0 0.981883     0 0 0 0 0               92 0.0 0.0
Element: 5255   0 1000 0 0.918344     0 0 0 0 0               92 0.0 0.0
Element: 5224   0 1000 0 0.999695     0 0 0 0 0               92 0.0 0.0
Element: 5225   0 1000 0 0.967833     0 0 0 0 0               92 0.0 0.0
Element: 5226   0 1000 0 0.985841     0 0 0 0 0               92 0.0 0.0
Element: 5227   0 1000 0 1.099523     0 0 0 0 0               92 0.0 0.0
Element: 5228   0 1000 0 0.997132     0 0 0 0 0               92 0.0 0.0
Element: 5229   0 1000 0 0.993062     0 0 0 0 0               92 0.0 0.0
Element: 5230   0 1000 0 1.035758     0 0 0 0 0               92 0.0 0.0
Element: 5231   0 1000 0 1.002179     0 0 0 0 0               92 0.0 0.0
Element: 5232   0 1000 0 1.013781     0 0 0 0 0               92 0.0 0.0
Element: 5233   0 1000 0 1.020294     0 0 0 0 0               92 0.0 0.0
Element: 5234   0 1000 0 0.976549     0 0 0 0 0               92 0.0 0.0
Element: 5235   0 1000 0 0.967666     0 0 0 0 0               92 0.0 0.0
Element: 5236   0 1000 0 0.974819     0 0 0 0 0               92 0.0 0.0
Element: 5237   0 1000 0 0.996137     0 0 0 0 0               92 0.0 0.0
Element: 5238   0 1000 0 0.973557     0 0 0 0 0               92 0.0 0.0
Element: 5239   0 1000 0 0.933593     0 0 0 0 0               92 0.0 0.0
Element: 5096   0 1000 0 0.965515     0 0 0 0 0               92 0.0 0.0
Element: 5097   0 1000 0 0.942645     0 0 0 0 0               92 0.0 0.0
Element: 5098   0 1000 0 0.983540     0 0 0 0 0               92 0.0 0.0
Element: 5099   0 1000 0 0.937546     0 0 0 0 0               92 0.0 0.0
Element: 5100   0 1000 0 0.988499     0 0 0 0 0               92 0.0 0.0
Element: 5101   0 1000 0 0.961365     0 0 0 0 0               92 0.0 0.0
Element: 5102   0 1000 0 0.992466     0 0 0 0 0               92 0.0 0.0
Element: 5103   0 1000 0 0.988961     0 0 0 0 0               92 0.0 0.0
Element: 5104   0 1000 0 0.958553     0 0 0 0 0               92 0.0 0.0
Element: 5105   0 1000 0 0.955513     0 0 0 0 0               92 0.0 0.0
Element: 5106   0 1000 0 0.987550     0 0 0 0 0               92 0.0 0.0
Element: 5107   0 1000 0 1.017250     0 0 0 0 0               92 0.0 0.0
Element: 5108   0 1000 0 1.035113     0 0 0 0 0               92 0.0 0.0
Element: 5109   0 1000 0 1.104096     0 0 0 0 0               92 0.0 0.0
Element: 5110   0 1000 0 0.989846     0 0 0 0 0               92 0.0 0.0
Element: 5111   0 1000 0 1.047672     0 0 0 0 0               92 0.0 0.0
Element: 5208   0 1000 0 1.180554     0 0 0 0 0               92 0.0 0.0
Element: 5209   0 1000 0 1.076740     0 0 0 0 0               92 0.0 0.0
Element: 5210   0 1000 0 1.011721     0 0 0 0 0               92 0.0 0.0
Element: 5211   0 1000 0 1.000000     0 0 0 0 0               92 0.0 0.0
Element: 5212   0 1000 0 1.112217     0 0 0 0 0               92 0.0 0.0
Element: 5213   0 1000 0 1.062856     0 0 0 0 0               92 0.0 0.0
Element: 5214   0 1000 0 1.066453     0 0 0 0 0               92 0.0 0.0
Element: 5215   0 1000 0 1.073248     0 0 0 0 0               92 0.0 0.0
Element: 5216   0 1000 0 1.033360     0 0 0 0 0               92 0.0 0.0
Element: 5217   0 1000 0 1.048183     0 0 0 0 0               92 0.0 0.0
Element: 5218   0 1000 0 1.067538     0 0 0 0 0               92 0.0 0.0
Element: 5219   0 1000 0 1.170956     0 0 0 0 0               92 0.0 0.0
Element: 5144   0 1000 0 0.999169     0 0 0 0 0               92 0.0 0.0
Element: 5145   0 1000 0 1.134332     0 0 0 0 0               92 0.0 0.0
Element: 5146   0 1000 0 1.063314     0 0 0 0 0               92 0.0 0.0
Element: 5147   0 1000 0 1.076215     0 0 0 0 0               92 0.0 0.0
Element: 5148   0 1000 0 0.993439     0 0 0 0 0               92 0.0 0.0
Element: 5149   0 1000 0 1.094712     0 0 0 0 0               92 0.0 0.0
Element: 5150   0 1000 0 1.047242     0 0 0 0 0               92 0.0 0.0
Element: 5151   0 1000 0 0.903397     0 0 0 0 0               92 0.0 0.0
Element: 5152   0 1000 0 1.009304     0 0 0 0 0               92 0.0 0.0
Element: 5153   0 1000 0 1.164939     0 0 0 0 0               92 0.0 0.0
Element: 5154   0 1000 0 1.089478     0 0 0 0 0               92 0.0 0.0
Element: 5155   0 1000 0 1.083730     0 0 0 0 0               92 0.0 0.0
Element: 5156   0 1000 0 1.044893     0 0 0 0 0               92 0.0 0.0
Element: 5157   0 1000 0 1.081588     0 0 0 0 0               92 0.0 0.0
Element: 5158   0 1000 0 1.157115     0 0 0 0 0               92 0.0 0.0
Element: 5159   0 1000 0 1.088444     0 0 0 0 0               92 0.0 0.0
Element: 5176   0 1000 0 0.949277     0 0 0 0 0               92 0.0 0.0
Element: 5177   0 1000 0 0.965259     0 0 0 0 0               92 0.0 0.0
Element: 5178   0 1000 0 0.954887     0 0 0 0 0               92 0.0 0.0
Element: 5179   0 1000 0 0.917186     0 0 0 0 0               92 0.0 0.0
Element: 5180   0 1000 0 0.938062     0 0 0 0 0               92 0.0 0.0
Element: 5181   0 1000 0 0.930068     0 0 0 0 0               92 0.0 0.0
Element: 5182   0 1000 0 0.905306     0 0 0 0 0               92 0.0 0.0
Element: 5183   0 1000 0 0.934744     0 0 0 0 0               92 0.0 0.0
Element: 5184   0 1000 0 0.929995     0 0 0 0 0               92 0.0 0.0
Element: 5185   0 1000 0 0.939408     0 0 0 0 0               92 0.0 0.0
Element: 5186   0 1000 0 0.906848     0 0 0 0 0               92 0.0 0.0
Element: 5187   0 1000 0 0.941977     0 0 0 0 0               92 0.0 0.0
Element: 5188   0 1000 0 0.951350     0 0 0 0 0               92 0.0 0.0
Element: 5189   0 1000 0 1.051019     0 0 0 0 0               92 0.0 0.0
Element: 5190   0 1000 0 0.923639     0 0 0 0 0               92 0.0 0.0
Element: 5191   0 1000 0 0.937602     0 0 0 0 0               92 0.0 0.0
Element: 5240   0 1000 0 0.994974     0 0 0 0 0               92 0.0 0.0
Element: 5241   0 1000 0 0.995663     0 0 0 0 0               92 0.0 0.0
Element: 5242   0 1000 0 1.051663     0 0 0 0 0               92 0.0 0.0
Element: 5243   0 1000 0 1.020522     0 0 0 0 0               92 0.0 0.0
Element: 5244   0 1000 0 1.000957     0 0 0 0 0               92 0.0 0.0
Element: 5245   0 1000 0 1.035447     0 0 0 0 0               92 0.0 0.0
Element: 5246   0 1000 0 1.001440     0 0 0 0 0               92 0.0 0.0
Element: 5247   0 1000 0 0.999505     0 0 0 0 0               92 0.0 0.0
Element: 5248   0 1000 0 0.985211     0 0 0 0 0               92 0.0 0.0
Element: 5249   0 1000 0 1.015620     0 0 0 0 0               92 0.0 0.0
Element: 5250   0 1000 0 1.027418     0 0 0 0 0               92 0.0 0.0
Element: 5251   0 1000 0 0.985761     0 0 0 0 0               92 0.0 0.0
Element: 5252   0 1000 0 0.971653     0 0 0 0 0               92 0.0 0.0
Element: 5253   0 1000 0 0.944148     0 0 0 0 0               92 0.0 0.0
##
## 6th Layer: Chamber 2 outer strips. dist(mm), angles(deg), corr coefs
## #st:number of strips; mcl:max number clusters; cls:max cluster size;
## rad: radius (mm); tgwc: tan helix angle?; Z0: zero point in z;
## ZA0-2: quadratic z correction coeffs;
## PhA0-2: qadratic phi correction coefficients
##         name       #st mcl cls rad len    tgwc Z0 pit ZA0 ZA1 ZA2 PhA0 PhA1 PhA2
Cyl-Strip: OuterStrip2 100 8  8  100  560 0.97445  0 4.5 0.0 0.0 0.0 0.00 0.00 0.00
##
## Specify each wire  belonging to inner wire plane...one line for each
##       ADC#   l  h   p MeV/ch TDC# l/h off  ns/ch     r,  z, phi
Element: 5274   0 1000 0 0.947065     0 0 0 0 0               100 0.0 0.0
Element: 5275   0 1000 0 1.016320     0 0 0 0 0               100 0.0 0.0
Element: 5276   0 1000 0 0.976657     0 0 0 0 0               100 0.0 0.0
Element: 5277   0 1000 0 0.980228     0 0 0 0 0               100 0.0 0.0
Element: 5278   0 1000 0 0.977762     0 0 0 0 0               100 0.0 0.0
Element: 5279   0 1000 0 0.999816     0 0 0 0 0               100 0.0 0.0
Element: 5280   0 1000 0 0.970887     0 0 0 0 0               100 0.0 0.0
Element: 5281   0 1000 0 0.975906     0 0 0 0 0               100 0.0 0.0
Element: 5282   0 1000 0 1.013476     0 0 0 0 0               100 0.0 0.0
Element: 5283   0 1000 0 0.996879     0 0 0 0 0               100 0.0 0.0
Element: 5284   0 1000 0 0.976729     0 0 0 0 0               100 0.0 0.0
Element: 5285   0 1000 0 0.983040     0 0 0 0 0               100 0.0 0.0
Element: 5286   0 1000 0 0.980634     0 0 0 0 0               100 0.0 0.0
Element: 5287   0 1000 0 1.024923     0 0 0 0 0               100 0.0 0.0
Element: 5304   0 1000 0 1.010025     0 0 0 0 0               100 0.0 0.0
Element: 5305   0 1000 0 1.008730     0 0 0 0 0               100 0.0 0.0
Element: 5306   0 1000 0 0.943144     0 0 0 0 0               100 0.0 0.0
Element: 5307   0 1000 0 1.023830     0 0 0 0 0               100 0.0 0.0
Element: 5308   0 1000 0 0.966696     0 0 0 0 0               100 0.0 0.0
Element: 5309   0 1000 0 1.000000     0 0 0 0 0               100 0.0 0.0
Element: 5310   0 1000 0 0.987166     0 0 0 0 0               100 0.0 0.0
Element: 5311   0 1000 0 1.030505     0 0 0 0 0               100 0.0 0.0
Element: 5312   0 1000 0 0.969833     0 0 0 0 0               100 0.0 0.0
Element: 5313   0 1000 0 0.958410     0 0 0 0 0               100 0.0 0.0
Element: 5314   0 1000 0 0.958063     0 0 0 0 0               100 0.0 0.0
Element: 5315   0 1000 0 1.007056     0 0 0 0 0               100 0.0 0.0
Element: 5316   0 1000 0 1.007343     0 0 0 0 0               100 0.0 0.0
Element: 5317   0 1000 0 0.976359     0 0 0 0 0               100 0.0 0.0
Element: 5318   0 1000 0 0.959027     0 0 0 0 0               100 0.0 0.0
Element: 5319   0 1000 0 1.009967     0 0 0 0 0               100 0.0 0.0
Element: 5128   0 1000 0 1.079137     0 0 0 0 0               100 0.0 0.0
Element: 5129   0 1000 0 1.080873     0 0 0 0 0               100 0.0 0.0
Element: 5130   0 1000 0 1.076637     0 0 0 0 0               100 0.0 0.0
Element: 5131   0 1000 0 1.039820     0 0 0 0 0               100 0.0 0.0
Element: 5132   0 1000 0 1.124629     0 0 0 0 0               100 0.0 0.0
Element: 5133   0 1000 0 1.047246     0 0 0 0 0               100 0.0 0.0
Element: 5134   0 1000 0 1.127511     0 0 0 0 0               100 0.0 0.0
Element: 5135   0 1000 0 1.066017     0 0 0 0 0               100 0.0 0.0
Element: 5136   0 1000 0 1.061100     0 0 0 0 0               100 0.0 0.0
Element: 5137   0 1000 0 1.070887     0 0 0 0 0               100 0.0 0.0
Element: 5138   0 1000 0 1.202846     0 0 0 0 0               100 0.0 0.0
Element: 5139   0 1000 0 1.084129     0 0 0 0 0               100 0.0 0.0
Element: 5140   0 1000 0 1.157337     0 0 0 0 0               100 0.0 0.0
Element: 5141   0 1000 0 1.076205     0 0 0 0 0               100 0.0 0.0
Element: 5142   0 1000 0 1.028378     0 0 0 0 0               100 0.0 0.0
Element: 5143   0 1000 0 1.061324     0 0 0 0 0               100 0.0 0.0
Element: 5220   0 1000 0 1.158937     0 0 0 0 0               100 0.0 0.0
Element: 5221   0 1000 0 1.095707     0 0 0 0 0               100 0.0 0.0
Element: 5222   0 1000 0 1.085403     0 0 0 0 0               100 0.0 0.0
Element: 5223   0 1000 0 1.076828     0 0 0 0 0               100 0.0 0.0
Element: 5160   0 1000 0 1.075750     0 0 0 0 0               100 0.0 0.0
Element: 5161   0 1000 0 1.036193     0 0 0 0 0               100 0.0 0.0
Element: 5162   0 1000 0 0.992175     0 0 0 0 0               100 0.0 0.0
Element: 5163   0 1000 0 1.002515     0 0 0 0 0               100 0.0 0.0
Element: 5164   0 1000 0 0.981933     0 0 0 0 0               100 0.0 0.0
Element: 5165   0 1000 0 1.066557     0 0 0 0 0               100 0.0 0.0
Element: 5166   0 1000 0 1.068207     0 0 0 0 0               100 0.0 0.0
Element: 5167   0 1000 0 1.053449     0 0 0 0 0               100 0.0 0.0
Element: 5168   0 1000 0 1.010237     0 0 0 0 0               100 0.0 0.0
Element: 5169   0 1000 0 1.106418     0 0 0 0 0               100 0.0 0.0
Element: 5170   0 1000 0 0.972572     0 0 0 0 0               100 0.0 0.0
Element: 5171   0 1000 0 1.066118     0 0 0 0 0               100 0.0 0.0
Element: 5172   0 1000 0 1.011119     0 0 0 0 0               100 0.0 0.0
Element: 5173   0 1000 0 1.030826     0 0 0 0 0               100 0.0 0.0
Element: 5174   0 1000 0 1.052031     0 0 0 0 0               100 0.0 0.0
Element: 5175   0 1000 0 1.007333     0 0 0 0 0               100 0.0 0.0
Element: 5192   0 1000 0 1.046260     0 0 0 0 0               100 0.0 0.0
Element: 5193   0 1000 0 0.971653     0 0 0 0 0               100 0.0 0.0
Element: 5194   0 1000 0 0.967466     0 0 0 0 0               100 0.0 0.0
Element: 5195   0 1000 0 0.966049     0 0 0 0 0               100 0.0 0.0
Element: 5196   0 1000 0 1.027396     0 0 0 0 0               100 0.0 0.0
Element: 5197   0 1000 0 1.005361     0 0 0 0 0               100 0.0 0.0
Element: 5198   0 1000 0 1.006167     0 0 0 0 0               100 0.0 0.0
Element: 5199   0 1000 0 1.002064     0 0 0 0 0               100 0.0 0.0
Element: 5200   0 1000 0 1.083608     0 0 0 0 0               100 0.0 0.0
Element: 5201   0 1000 0 1.009355     0 0 0 0 0               100 0.0 0.0
Element: 5202   0 1000 0 0.987823     0 0 0 0 0               100 0.0 0.0
Element: 5203   0 1000 0 1.032948     0 0 0 0 0               100 0.0 0.0
Element: 5204   0 1000 0 0.974128     0 0 0 0 0               100 0.0 0.0
Element: 5205   0 1000 0 1.055095     0 0 0 0 0               100 0.0 0.0
Element: 5206   0 1000 0 1.039246     0 0 0 0 0               100 0.0 0.0
Element: 5207   0 1000 0 1.017694     0 0 0 0 0               100 0.0 0.0
Element: 5064   0 1000 0 1.005396     0 0 0 0 0               100 0.0 0.0
Element: 5065   0 1000 0 1.039037     0 0 0 0 0               100 0.0 0.0
Element: 5066   0 1000 0 1.000629     0 0 0 0 0               100 0.0 0.0
Element: 5067   0 1000 0 1.012633     0 0 0 0 0               100 0.0 0.0
Element: 5068   0 1000 0 1.008503     0 0 0 0 0               100 0.0 0.0
Element: 5069   0 1000 0 1.030455     0 0 0 0 0               100 0.0 0.0
Element: 5070   0 1000 0 0.964775     0 0 0 0 0               100 0.0 0.0
Element: 5071   0 1000 0 0.987724     0 0 0 0 0               100 0.0 0.0
Element: 5072   0 1000 0 0.948043     0 0 0 0 0               100 0.0 0.0
Element: 5073   0 1000 0 1.028942     0 0 0 0 0               100 0.0 0.0
Element: 5074   0 1000 0 1.059789     0 0 0 0 0               100 0.0 0.0
Element: 5075   0 1000 0 1.000846     0 0 0 0 0               100 0.0 0.0
Element: 5076   0 1000 0 0.994184     0 0 0 0 0               100 0.0 0.0
Element: 5077   0 1000 0 1.023736     0 0 0 0 0               100 0.0 0.0
Element: 5078   0 1000 0 1.015848     0 0 0 0 0               100 0.0 0.0
Element: 5079   0 1000 0 1.060945     0 0 0 0 0               100 0.0 0.0
Element: 5272   0 1000 0 1.002426     0 0 0 0 0               100 0.0 0.0
Element: 5273   0 1000 0 1.000791     0 0 0 0 0               100 0.0 0.0
##
##Define defective strips:
##Plane-Strip: <Layer> <Strip>
##with <Layer> between 0 and 3 (0=i1, 1=e1, 2=i2, 3=e2)
##and <Strip> the element number of the defective strip (starting with 0)
Plane-Strip: 0 2
Plane-Strip: 0 24
Plane-Strip: 1 31
Plane-Strip: 1 34
Plane-Strip: 1 52
Plane-Strip: 2 37
Plane-Strip: 2 38
Plane-Strip: 2 43
Plane-Strip: 3 38
Plane-Strip: 3 46
Plane-Strip: 3 47
Plane-Strip: 3 48
Plane-Strip: 3 49
#
#Global Z position shift:
#Plane-Drift: <Z-shift>
#with Z-shift given in mm
Plane-Drift: 0.0
#
#Simulation parameters
#Plane-Wire: SimulateProton
#Plane-Wire: EfficiencyFile data/Efficiencies.txt
#Plane-Wire: SigmaPhiFile data/SigmaPhi.txt
#Plane-Wire: SigmaThetaFile data/SigmaTheta.txt
#Plane-Wire: ReadParamFiles()
#
## Do some further array initialisation BEFORE display specification
#
Initialise:
##
##      Histograming of basic detector stuff
##
## Overall detector hits
#Display:        1D      Nhits                   200     0       200
#Display:        1D      Hits                    800     0       800
##
## Hits in each layer
#Display:        1D      Wire1NHits              100     0       100
#Display:        1D      Wire2NHits              100     0       100
#Display:        1D      InnerStrip1NHits        32      0       32
#Display:        1D      OuterStrip1NHits        32      0       32
#Display:        1D      InnerStrip2NHits        32      0       32
#Display:        1D      OuterStrip2NHits        32      0       32
## Layer Hit frequency distributions
#Display:        1D      Wire1Hits               192     0       192
#Display:        1D      Wire2Hits               288     0       288
#Display:        1D      InnerStrip1Hits         60      0       60
#Display:        1D      OuterStrip1Hits         68      0       68
#Display:        1D      InnerStrip2Hits         92      0       92
#Display:        1D      OuterStrip2Hits         100     0       100
# Layer hit cluster C-of-G
#Display:        1D      Wire1CGClust!           100     0       100
#Display:        1D      Wire2CGClust!           288     0       288
#Display:        1D      InnerStrip1CGClust      60      0       60
#Display:        1D      OuterStrip1CGClust      68      0       68
#Display:        1D      InnerStrip2CGClust      92      0       92
#Display:        1D      OuterStrip2CGClust      100     0       100
# Layer hit cluster length
#Display:        1D      Wire1LenClust           20      -0.5    19.5
#Display:        1D      Wire2LenClust           20      -0.5    19.5
#Display:        1D      InnerStrip1LenClust     20      -0.5    19.5
#Display:        1D      OuterStrip1LenClust     20      -0.5    19.5
#Display:        1D      InnerStrip2LenClust     20      -0.5    19.5
#Display:        1D      OuterStrip2LenClust     20      -0.5    19.5
# Layer hit cluster start
#Display:        1D      Wire1StClust            100     0       100
#Display:        1D      Wire2StClust            288     0       288
#Display:        1D      InnerStrip1StClust      60      0       60
#Display:        1D      OuterStrip1StClust      68      0       68
#Display:        1D      InnerStrip2StClust      92      0       92
#Display:        1D      OuterStrip2StClust      100     0       100
# Layer # hit clusters
#Display:        1D      Wire1NClust             10      0       10
#Display:        1D      Wire2NClust             10      0       10
#Display:        1D      InnerStrip1NClust       10      0       10
#Display:        1D      OuterStrip1NClust       10      0       10
#Display:        1D      InnerStrip2NClust       10      0       10
#Display:        1D      OuterStrip2NClust       10      0       10
#
# Number of tracks and vertices
#Display                1D      NTrack                  10      0       10
#Display                1D      NVertex                 10      0       10
#
#Display 1D EnergyOR 500 0 1000
#Display: 1D TimeOR 500 0 1000
#Display: 1D Time 500 0 1000 0 479
#Display 1D Energy 500 0 1000 480 799
#
Display 1D PsZvertex 360 -180 180
#Display: 2D PsXvertex 100 -100 100 -1 PsYvertex 100 -100 100 -1
#
*Display 1D STesting 600 -30 30
Display 1D STesting 720 -360 360
#
